[]
[('RY', 1.5707963267948966, 0)]
[]
[]
[('RY', -1.5707963267948966, 1)]
[]
[]
[('RY', -1.5707963267948966, 2)]
[]
[]
[('RY', -1.5707963267948966, 3)]
[]
[]
[('RY', -1.5707963267948966, 4)]
[]
[]
[('RY', -1.5707963267948966, 5)]
[]
[]
[('RY', -1.5707963267948966, 6)]
[]
[]
[('RY', -1.5707963267948966, 7)]
[]
[]
[('RX', 3.141592653589793, 0)]
[]
[]
[('RY', 3.141592653589793, 1)]
[]
[]
[('RY', 3.141592653589793, 2)]
[]
[]
[('RY', 3.141592653589793, 3)]
[]
[]
[('RY', 3.141592653589793, 4)]
[]
[]
[('RY', 3.141592653589793, 5)]
[]
[]
[('RY', 3.141592653589793, 6)]
[]
[]
[('RY', 3.141592653589793, 7)]
[]
[]
[('RY', -0.015707963267948967, 0)]
[]
[]
[('RX', 3.141592653589793, 1)]
[]
[]
[('RX', 3.141592653589793, 2)]
[]
[]
[('RX', 3.141592653589793, 3)]
[]
[]
[('RX', 3.141592653589793, 4)]
[]
[]
[('RX', 3.141592653589793, 5)]
[]
[]
[('RX', 3.141592653589793, 6)]
[]
[]
[('RX', 3.141592653589793, 7)]
[]
[]
[]
[]
[]
[]
[]
[]
[]
[('MS', 0.007853981633974483, [0, 1])]
[]
[]
[]
[]
[]
[]
[]
[]
[]
[('RY', -0.015707963267948967, 1)]
[]
[]
[('RY', -0.015707963267948967, 2)]
[]
[]
[('RY', -0.015707963267948967, 3)]
[]
[]
[('RY', -0.015707963267948967, 4)]
[]
[]
[('RY', -0.015707963267948967, 5)]
[]
[]
[('RY', -0.015707963267948967, 6)]
[]
[]
[('RX', -0.007853981633974483, 0)]
[]
[]
[]
[]
[]
[]
[]
[]
[]
[('MS', 0.007853981633974483, [1, 2])]
[]
[]
[]
[]
[]
[]
[]
[]
[]
[]
[]
[]
[]
[]
[]
[]
[]
[]
[('MS', 0.007853981633974483, [2, 3])]
[]
[]
[]
[]
[]
[]
[]
[]
[]
[]
[]
[]
[]
[]
[]
[]
[]
[]
[]
[]
[]
[]
[('MS', 0.007853981633974483, [3, 4])]
[]
[]
[]
[]
[]
[]
[]
[]
[]
[]
[]
[]
[]
[]
[]
[]
[]
[]
[]
[]
[]
[]
[]
[]
[]
[]
[('MS', 0.007853981633974483, [4, 5])]
[]
[]
[]
[]
[]
[]
[]
[]
[]
[]
[]
[]
[]
[]
[]
[]
[]
[]
[]
[]
[]
[]
[]
[]
[]
[]
[]
[]
[]
[]
[('MS', 0.007853981633974483, [5, 6])]
[]
[]
[]
[]
[]
[]
[]
[]
[]
[]
[]
[]
[]
[]
[]
[]
[]
[]
[]
[]
[]
[]
[]
[]
[]
[]
[]
[]
[]
[]
[]
[]
[('MS', 0.007853981633974483, [6, 7])]
[]
[]
[]
[]
[]
[]
[]
[]
[]
[]
[]
[]
[]
[]
[]
[]
[]
[]
[]
[]
[]
[]
[]
[]
[('MS', -0.007853981633974483, [0, 1])]
[]
[]
[]
[]
[]
[]
[]
[]
[]
[('RX', -0.007853981633974483, 1)]
[]
[]
[('RX', -0.007853981633974483, 2)]
[]
[]
[('RX', -0.007853981633974483, 3)]
[]
[]
[('RX', -0.007853981633974483, 4)]
[]
[]
[('RX', -0.007853981633974483, 5)]
[]
[]
[('RX', -0.007853981633974483, 6)]
[]
[]
[]
[]
[]
[]
[]
[]
[('MS', 0.007853981633974483, [0, 2])]
[]
[]
[]
[]
[]
[]
[]
[]
[]
[]
[]
[]
[]
[]
[]
[('MS', -0.007853981633974483, [1, 2])]
[]
[]
[]
[]
[]
[]
[]
[]
[]
[]
[]
[]
[]
[]
[]
[]
[]
[]
[('MS', -0.007853981633974483, [2, 3])]
[]
[]
[]
[]
[]
[]
[]
[]
[]
[]
[]
[]
[]
[]
[]
[]
[]
[]
[]
[]
[]
[]
[('MS', -0.007853981633974483, [3, 4])]
[]
[]
[]
[]
[]
[]
[]
[]
[]
[]
[]
[]
[]
[]
[]
[]
[]
[]
[]
[]
[]
[]
[]
[]
[]
[]
[('MS', -0.007853981633974483, [4, 5])]
[]
[]
[]
[]
[]
[]
[]
[]
[]
[]
[]
[]
[]
[]
[]
[]
[]
[]
[]
[]
[]
[]
[]
[]
[]
[]
[]
[]
[]
[]
[('MS', -0.007853981633974483, [5, 6])]
[]
[]
[]
[]
[]
[]
[]
[]
[]
[]
[]
[]
[]
[]
[]
[]
[]
[]
[]
[]
[]
[]
[]
[]
[]
[]
[]
[]
[]
[]
[]
[]
[('MS', -0.007853981633974483, [6, 7])]
[]
[]
[]
[]
[]
[]
[]
[]
[]
[]
[]
[]
[]
[]
[]
[]
[]
[('RX', -0.003926990816987242, 0)]
[]
[]
[]
[]
[]
[]
[]
[]
[]
[]
[('MS', 0.007853981633974483, [1, 3])]
[]
[]
[]
[]
[]
[]
[]
[]
[]
[]
[]
[]
[]
[]
[]
[]
[]
[]
[]
[]
[('MS', 0.007853981633974483, [2, 4])]
[]
[]
[]
[]
[]
[]
[]
[]
[]
[]
[]
[]
[]
[]
[]
[]
[]
[]
[]
[]
[]
[]
[]
[]
[('MS', 0.007853981633974483, [3, 5])]
[]
[]
[]
[]
[]
[]
[]
[]
[]
[]
[]
[]
[]
[]
[]
[]
[]
[]
[]
[]
[]
[]
[]
[]
[]
[]
[]
[]
[('MS', 0.007853981633974483, [4, 6])]
[]
[]
[]
[]
[]
[]
[]
[]
[]
[]
[]
[]
[]
[]
[]
[]
[]
[]
[]
[]
[]
[]
[]
[]
[]
[]
[]
[]
[]
[]
[('MS', 0.007853981633974483, [5, 7])]
[]
[]
[]
[]
[]
[]
[]
[]
[]
[]
[]
[]
[]
[]
[]
[]
[('RY', 0.015707963267948967, 6)]
[]
[]
[]
[]
[]
[]
[]
[]
[('MS', -0.007853981633974483, [0, 2])]
[]
[]
[]
[]
[]
[]
[]
[]
[('RX', -0.003926990816987242, 1)]
[]
[]
[('RX', -0.003926990816987242, 2)]
[]
[]
[('RX', -0.003926990816987242, 3)]
[]
[]
[('RX', -0.003926990816987242, 4)]
[]
[]
[('RX', -0.003926990816987242, 5)]
[]
[]
[]
[]
[]
[]
[]
[]
[]
[('MS', 0.007853981633974483, [0, 3])]
[]
[]
[]
[]
[]
[]
[]
[]
[]
[]
[]
[]
[]
[]
[]
[]
[]
[('MS', -0.007853981633974483, [1, 3])]
[]
[]
[]
[]
[]
[]
[]
[]
[]
[]
[]
[]
[]
[]
[]
[]
[]
[]
[]
[]
[('MS', -0.007853981633974483, [2, 4])]
[]
[]
[]
[]
[]
[]
[]
[]
[]
[]
[]
[]
[]
[]
[]
[]
[]
[]
[]
[]
[]
[]
[]
[]
[('MS', -0.007853981633974483, [3, 5])]
[]
[]
[]
[]
[]
[]
[]
[]
[]
[]
[]
[]
[]
[]
[]
[]
[]
[]
[]
[]
[]
[]
[]
[]
[]
[]
[]
[]
[('MS', -0.007853981633974483, [4, 6])]
[]
[]
[]
[]
[]
[]
[]
[]
[]
[]
[]
[]
[]
[]
[]
[]
[]
[]
[]
[]
[]
[]
[]
[]
[]
[]
[]
[]
[]
[]
[('MS', -0.007853981633974483, [5, 7])]
[]
[]
[]
[]
[]
[]
[]
[]
[]
[]
[]
[]
[]
[]
[]
[]
[('RX', -0.001963495408493621, 0)]
[]
[]
[]
[]
[]
[]
[]
[]
[]
[]
[]
[('MS', 0.007853981633974483, [1, 4])]
[]
[]
[]
[]
[]
[]
[]
[]
[]
[]
[]
[]
[]
[]
[]
[]
[]
[]
[]
[]
[]
[]
[('MS', 0.007853981633974483, [2, 5])]
[]
[]
[]
[]
[]
[]
[]
[]
[]
[]
[]
[]
[]
[]
[]
[]
[]
[]
[]
[]
[]
[]
[]
[]
[]
[]
[('MS', 0.007853981633974483, [3, 6])]
[]
[]
[]
[]
[]
[]
[]
[]
[]
[]
[]
[]
[]
[]
[]
[]
[]
[]
[]
[]
[]
[]
[]
[]
[]
[]
[]
[]
[('MS', 0.007853981633974483, [4, 7])]
[]
[]
[]
[]
[]
[]
[]
[]
[]
[]
[]
[]
[]
[]
[]
[('RY', 0.015707963267948967, 5)]
[]
[]
[]
[]
[]
[]
[]
[]
[]
[('MS', -0.007853981633974483, [0, 3])]
[]
[]
[]
[]
[]
[]
[]
[]
[]
[('RX', -0.001963495408493621, 1)]
[]
[]
[('RX', -0.001963495408493621, 2)]
[]
[]
[('RX', -0.001963495408493621, 3)]
[]
[]
[('RX', -0.001963495408493621, 4)]
[]
[]
[]
[]
[]
[]
[]
[]
[]
[]
[('MS', 0.007853981633974483, [0, 4])]
[]
[]
[]
[]
[]
[]
[]
[]
[]
[]
[]
[]
[]
[]
[]
[]
[]
[]
[]
[('MS', -0.007853981633974483, [1, 4])]
[]
[]
[]
[]
[]
[]
[]
[]
[]
[]
[]
[]
[]
[]
[]
[]
[]
[]
[]
[]
[]
[]
[('MS', -0.007853981633974483, [2, 5])]
[]
[]
[]
[]
[]
[]
[]
[]
[]
[]
[]
[]
[]
[]
[]
[]
[]
[]
[]
[]
[]
[]
[]
[]
[]
[]
[('MS', -0.007853981633974483, [3, 6])]
[]
[]
[]
[]
[]
[]
[]
[]
[]
[]
[]
[]
[]
[]
[]
[]
[]
[]
[]
[]
[]
[]
[]
[]
[]
[]
[]
[]
[('MS', -0.007853981633974483, [4, 7])]
[]
[]
[]
[]
[]
[]
[]
[]
[]
[]
[]
[]
[]
[]
[]
[('RX', -0.0009817477042468104, 0)]
[]
[]
[]
[]
[]
[]
[]
[]
[]
[]
[]
[]
[('MS', 0.007853981633974483, [1, 5])]
[]
[]
[]
[]
[]
[]
[]
[]
[]
[]
[]
[]
[]
[]
[]
[]
[]
[]
[]
[]
[]
[]
[]
[]
[('MS', 0.007853981633974483, [2, 6])]
[]
[]
[]
[]
[]
[]
[]
[]
[]
[]
[]
[]
[]
[]
[]
[]
[]
[]
[]
[]
[]
[]
[]
[]
[]
[]
[('MS', 0.007853981633974483, [3, 7])]
[]
[]
[]
[]
[]
[]
[]
[]
[]
[]
[]
[]
[]
[]
[('RY', 0.015707963267948967, 4)]
[]
[]
[]
[]
[]
[]
[]
[]
[]
[]
[('MS', -0.007853981633974483, [0, 4])]
[]
[]
[]
[]
[]
[]
[]
[]
[]
[]
[('RX', -0.0009817477042468104, 1)]
[]
[]
[('RX', -0.0009817477042468104, 2)]
[]
[]
[('RX', -0.0009817477042468104, 3)]
[]
[]
[]
[]
[]
[]
[]
[]
[]
[]
[]
[('MS', 0.007853981633974483, [0, 5])]
[]
[]
[]
[]
[]
[]
[]
[]
[]
[]
[]
[]
[]
[]
[]
[]
[]
[]
[]
[]
[]
[('MS', -0.007853981633974483, [1, 5])]
[]
[]
[]
[]
[]
[]
[]
[]
[]
[]
[]
[]
[]
[]
[]
[]
[]
[]
[]
[]
[]
[]
[]
[]
[('MS', -0.007853981633974483, [2, 6])]
[]
[]
[]
[]
[]
[]
[]
[]
[]
[]
[]
[]
[]
[]
[]
[]
[]
[]
[]
[]
[]
[]
[]
[]
[]
[]
[('MS', -0.007853981633974483, [3, 7])]
[]
[]
[]
[]
[]
[]
[]
[]
[]
[]
[]
[]
[]
[]
[('RX', -0.0004908738521234052, 0)]
[]
[]
[]
[]
[]
[]
[]
[]
[]
[]
[]
[]
[]
[('MS', 0.007853981633974483, [1, 6])]
[]
[]
[]
[]
[]
[]
[]
[]
[]
[]
[]
[]
[]
[]
[]
[]
[]
[]
[]
[]
[]
[]
[]
[]
[('MS', 0.007853981633974483, [2, 7])]
[]
[]
[]
[]
[]
[]
[]
[]
[]
[]
[]
[]
[]
[('RY', 0.015707963267948967, 3)]
[]
[]
[]
[]
[]
[]
[]
[]
[]
[]
[]
[('MS', -0.007853981633974483, [0, 5])]
[]
[]
[]
[]
[]
[]
[]
[]
[]
[]
[]
[('RX', -0.0004908738521234052, 1)]
[]
[]
[('RX', -0.0004908738521234052, 2)]
[]
[]
[]
[]
[]
[]
[]
[]
[]
[]
[]
[]
[('MS', 0.007853981633974483, [0, 6])]
[]
[]
[]
[]
[]
[]
[]
[]
[]
[]
[]
[]
[]
[]
[]
[]
[]
[]
[]
[]
[]
[]
[]
[('MS', -0.007853981633974483, [1, 6])]
[]
[]
[]
[]
[]
[]
[]
[]
[]
[]
[]
[]
[]
[]
[]
[]
[]
[]
[]
[]
[]
[]
[]
[]
[('MS', -0.007853981633974483, [2, 7])]
[]
[]
[]
[]
[]
[]
[]
[]
[]
[]
[]
[]
[]
[('RX', -0.0002454369260617026, 0)]
[]
[]
[]
[]
[]
[]
[]
[]
[]
[]
[]
[]
[('MS', 0.007853981633974483, [1, 7])]
[]
[]
[]
[]
[]
[]
[]
[]
[]
[]
[]
[]
[('RY', 0.015707963267948967, 2)]
[]
[]
[]
[]
[]
[]
[]
[]
[]
[]
[]
[]
[('MS', -0.007853981633974483, [0, 6])]
[]
[]
[]
[]
[]
[]
[]
[]
[]
[]
[]
[]
[('RX', -0.0002454369260617026, 1)]
[]
[]
[]
[]
[]
[]
[]
[]
[]
[]
[]
[('MS', 0.007853981633974483, [0, 7])]
[]
[]
[]
[]
[]
[]
[]
[]
[]
[]
[]
[]
[]
[]
[]
[]
[]
[]
[]
[]
[]
[('MS', -0.007853981633974483, [1, 7])]
[]
[]
[]
[]
[]
[]
[]
[]
[]
[]
[]
[]
[('RX', -0.0001227184630308513, 0)]
[]
[]
[('RY', 0.015707963267948967, 1)]
[]
[]
[]
[]
[]
[]
[]
[]
[]
[]
[]
[('MS', -0.007853981633974483, [0, 7])]
[]
[]
[]
[]
[]
[]
[]
[]
[]
[]
[]
[('RY', 0.015707963267948967, 0)]
[]
